SZ44  (5810,2060)  (5756,2113)  (5756,2059)  (5863,2114)  (5810,2006)  (5864,2006)  (5864,2060)  (5754,2005)  (5809,2167)  (5755,2167)  (5702,2113)  (5702,2059)  (5917,2114)  (5917,2168)  (5863,2168)  (5701,2168)  (5808,1952)  (5862,1952)  (5916,1952)  (5918,2006)  (5918,2060)  (5700,2005)  (5700,1951)  (5754,1951)  (5970,1900)  (5809,2221)  (5755,2221)  (5648,2114)  (5648,2060)  (5971,2114)  (5971,2168)  (5971,2222)  (5917,2222)  (5863,2222)  (5701,2222)  (5647,2222)  (5647,2168)  (5808,1898)  (5862,1898)  (5916,1898)  (5972,1954)  (5972,2008)  (5646,2006)  (5646,1952)  (5646,1898)  (5700,1897)  (5754,1897)  (6024,1853)  (5809,2275)  (5755,2275)  (5594,2114)  (5594,2060) 
SZ43  (5311,1836)  (5257,1889)  (5257,1835)  (5364,1890)  (5311,1782)  (5365,1782)  (5365,1836)  (5255,1781)  (5310,1943)  (5256,1943)  (5203,1889)  (5203,1835)  (5418,1890)  (5418,1944)  (5364,1944)  (5202,1944)  (5309,1728)  (5363,1728)  (5417,1728)  (5419,1782)  (5419,1836)  (5201,1781)  (5201,1727)  (5255,1727)  (5310,1997)  (5256,1997)  (5149,1890)  (5149,1836)  (5436,1998)  (5382,1998)  (5202,1998)  (5148,1998)  (5148,1944)  (5309,1674)  (5363,1674)  (5417,1674)  (5147,1782)  (5147,1728)  (5147,1674)  (5201,1673)  (5255,1673)  (5328,2051)  (5274,2051)  (5095,1890)  (5095,1836)  (5436,2052)  (5382,2052)  (5220,2052)  (5166,2052)  (5112,2052)  (5094,1998)  (5094,1944)  (5094,1620) 
SZ42  (5811,2745)  (5757,2798)  (5757,2744)  (5864,2799)  (5811,2691)  (5865,2691)  (5865,2745)  (5755,2690)  (5810,2852)  (5756,2852)  (5703,2798)  (5703,2744)  (5918,2799)  (5918,2853)  (5864,2853)  (5702,2853)  (5809,2637)  (5863,2637)  (5917,2637)  (5919,2691)  (5919,2745)  (5701,2690)  (5701,2636)  (5755,2636)  (5971,2585)  (5810,2906)  (5756,2906)  (5649,2799)  (5649,2745)  (5972,2799)  (5972,2853)  (5972,2907)  (5918,2907)  (5864,2907)  (5702,2907)  (5648,2907)  (5648,2853)  (5809,2583)  (5863,2583)  (5917,2583)  (5973,2639)  (5973,2693)  (5647,2691)  (5647,2637)  (5647,2583)  (5701,2582)  (5755,2582)  (5971,2531)  (6025,2531)  (6025,2585)  (5810,2960)  (5756,2960)  (5595,2799)  (5595,2745) 
SZ41  (5022,2683)  (4968,2736)  (4968,2682)  (5075,2737)  (5022,2629)  (5076,2629)  (5076,2683)  (4966,2628)  (5021,2790)  (4967,2790)  (4914,2736)  (4914,2682)  (5129,2737)  (5129,2791)  (5075,2791)  (4913,2791)  (5020,2575)  (5074,2575)  (5128,2575)  (5130,2629)  (5130,2683)  (4912,2628)  (4912,2574)  (4966,2574)  (5182,2523)  (5021,2844)  (4967,2844)  (4860,2737)  (4860,2683)  (5183,2737)  (5183,2791)  (5183,2845)  (5129,2845)  (5075,2845)  (4913,2845)  (4859,2845)  (4859,2791)  (5020,2521)  (5074,2521)  (5128,2521)  (5184,2577)  (5184,2631)  (4858,2629)  (4858,2575)  (4858,2521)  (4912,2520)  (4966,2520)  (5182,2469)  (5236,2469)  (5236,2523)  (5021,2898)  (4967,2898)  (4806,2737)  (4806,2683) 
SZ40  (4337,2405)  (4283,2458)  (4283,2404)  (4390,2459)  (4281,2350)  (4428,2405)  (4229,2475)  (4229,2421)  (4454,2333)  (4466,2250)  (4502,2196)  (4556,2186) 
South Mino  (3657,1732)  (3603,1780)  (3603,1726)  (3710,1786)  (3657,1678)  (3711,1678)  (3711,1732)  (3596,1672)  (3656,1834)  (3692,1624) 
Kozuke  (4429,1319)  (4375,1372)  (4375,1318)  (4482,1373)  (4429,1265)  (4483,1265)  (4483,1319)  (4373,1264)  (4536,1373)  (4536,1427)  (4482,1427)  (4458,1211)  (4512,1211)  (4537,1265)  (4537,1319)  (4319,1316)  (4319,1262)  (4566,1206) 
SZ47  (5779,1133)  (5725,1186)  (5725,1132)  (5832,1187)  (5779,1079)  (5833,1079)  (5833,1133)  (5723,1078)  (5778,1240)  (5724,1240)  (5671,1186)  (5671,1132)  (5886,1187)  (5886,1241)  (5832,1241)  (5670,1241)  (5777,1025)  (5831,1025)  (5885,1025)  (5887,1079)  (5887,1133)  (5669,1078)  (5669,1024)  (5723,1024)  (5939,973)  (5778,1294)  (5724,1294)  (5617,1187)  (5617,1133)  (5940,1187)  (5940,1241)  (5940,1295)  (5886,1295)  (5832,1295)  (5670,1295)  (5616,1295)  (5616,1241)  (5777,971)  (5831,971)  (5885,971)  (5941,1027)  (5941,1081)  (5615,1079)  (5615,1025)  (5615,971)  (5669,970)  (5723,970)  (5939,919)  (5993,919)  (5993,973)  (5778,1348)  (5724,1348)  (5563,1187)  (5563,1133) 
Orange  (5818,2373) 
SZ46  (287,2824)  (233,2877)  (233,2823)  (340,2878)  (287,2770)  (341,2770)  (341,2824)  (231,2769)  (286,2931)  (232,2931)  (179,2877)  (179,2823)  (394,2878)  (394,2932)  (340,2932)  (178,2932)  (285,2716)  (339,2716)  (393,2716)  (395,2770)  (395,2824)  (177,2769)  (177,2715)  (231,2715)  (447,2664)  (286,2985)  (232,2985)  (125,2878)  (125,2824)  (448,2878)  (448,2932)  (448,2986)  (394,2986)  (340,2986)  (178,2986)  (124,2986)  (124,2932)  (285,2662)  (339,2662)  (393,2662)  (449,2718)  (449,2772)  (123,2770)  (123,2716)  (123,2662)  (177,2661)  (231,2661)  (447,2610)  (501,2610)  (501,2664)  (71,2878)  (71,2824) 
Bizen  (2320,1494)  (2266,1547)  (2266,1493)  (2373,1548)  (2320,1440)  (2374,1440)  (2374,1494)  (2264,1439)  (2212,1549)  (2427,1548)  (2428,1438)  (2428,1492)  (2259,1385) 
SZ45  (5916,1762)  (5862,1798)  (5862,1744)  (5916,1708)  (5970,1708)  (5970,1762)  (5843,1690)  (5808,1798)  (5808,1744)  (5897,1654)  (5951,1654)  (6005,1654)  (6024,1708)  (6024,1762)  (5789,1690)  (5789,1636)  (5843,1636)  (6059,1619)  (5754,1798)  (5754,1744)  (5897,1600)  (5951,1600)  (6005,1600)  (6078,1673)  (6078,1727)  (6078,1781)  (5735,1690)  (5735,1636)  (5735,1582)  (5789,1582)  (5843,1582)  (6059,1565)  (5700,1798)  (5700,1744)  (5897,1546)  (5951,1546)  (6005,1546)  (5681,1690)  (5681,1636)  (5681,1582)  (5681,1528)  (5735,1528)  (5789,1528)  (5843,1528)  (6059,1511)  (5646,1798)  (5646,1744)  (5897,1492)  (5951,1492)  (6005,1492)  (5627,1690)  (5627,1636)  (5627,1582)  (5627,1528)  (5627,1474) 
North Shinano  (4168,1397)  (4114,1450)  (4114,1396)  (4221,1451)  (4168,1343)  (4222,1343)  (4222,1397)  (4124,1504)  (4070,1504)  (4060,1450)  (4275,1451)  (4137,1289)  (4191,1289)  (4276,1385)  (4006,1479)  (4329,1439)  (4329,1493)  (4383,1472) 
Hyuga  (926,1992)  (872,2045)  (872,1991)  (976,2046)  (926,1938)  (980,1938)  (980,1992)  (870,1937)  (922,2099)  (868,2099)  (818,2013)  (953,1884)  (1007,1884)  (1034,1938)  (816,1959)  (944,2153)  (890,2153)  (762,1947)  (897,2207)  (843,2207)  (861,2261) 
Shimosa  (4747,1944)  (4693,1983)  (4693,1929)  (4800,1998)  (4747,1890)  (4801,1890)  (4801,1944)  (4746,2037)  (4854,1998)  (4699,1836)  (4753,1836)  (4807,1836)  (4855,1942)  (4908,1996)  (4711,1782)  (4765,1782)  (4701,1728)  (4663,1674) 
Iyo  (1586,1821)  (1532,1874)  (1532,1820)  (1639,1875)  (1586,1767)  (1640,1767)  (1640,1821)  (1530,1766)  (1478,1900)  (1478,1846)  (1693,1875)  (1584,1713)  (1638,1713)  (1692,1713)  (1694,1767)  (1694,1821)  (1746,1686)  (1424,1900)  (1424,1846) 
North Ise  (3452,1914)  (3398,1967)  (3398,1913)  (3505,1968)  (3452,1860)  (3506,1860)  (3506,1914)  (3451,2021)  (3397,2021)  (3431,1806)  (3370,2075) 
SZ33  (1079,2805)  (1025,2858)  (1025,2804)  (1132,2859)  (1079,2751)  (1133,2751)  (1133,2805)  (1023,2750)  (1078,2912)  (1024,2912)  (971,2858)  (971,2804)  (1186,2859)  (1186,2913)  (1132,2913)  (970,2913)  (1077,2697)  (1131,2697)  (1185,2697)  (1187,2751)  (1187,2805)  (969,2750)  (969,2696)  (1023,2696)  (1239,2645)  (1078,2966)  (1024,2966)  (917,2859)  (917,2805)  (1240,2859)  (1240,2913)  (1240,2967)  (1186,2967)  (1132,2967)  (970,2967)  (916,2967)  (916,2913)  (1077,2643)  (1131,2643)  (1185,2643)  (1241,2699)  (1241,2753)  (915,2751)  (915,2697)  (915,2643)  (969,2642)  (1023,2642)  (1239,2591)  (1293,2591)  (1293,2645)  (863,2859)  (863,2805) 
SZ32  (2160,2358)  (2106,2411)  (2106,2357)  (2213,2412)  (2160,2304)  (2214,2304)  (2214,2358)  (2104,2303)  (2159,2465)  (2105,2465)  (2052,2411)  (2052,2357)  (2267,2412)  (2267,2466)  (2213,2466)  (2051,2466)  (2160,2250)  (2214,2250)  (2050,2303)  (2268,2208)  (2159,2519)  (2105,2519)  (2321,2447)  (2311,2520)  (2257,2520)  (2051,2520)  (2176,2196)  (2322,2170)  (2230,2154)  (2376,2142)  (2284,2116)  (2202,2100)  (2338,2088)  (2392,2064)  (2256,2062) 
SZ31  (1694,2347)  (1640,2400)  (1640,2346)  (1747,2401)  (1694,2293)  (1748,2293)  (1748,2347)  (1638,2292)  (1693,2454)  (1639,2454)  (1586,2400)  (1586,2346)  (1801,2401)  (1801,2455)  (1747,2455)  (1585,2455)  (1692,2239)  (1746,2239)  (1802,2328)  (1584,2292)  (1584,2238)  (1638,2238)  (1693,2508)  (1639,2508)  (1532,2401)  (1532,2347)  (1800,2186)  (1855,2382)  (1855,2436)  (1855,2490)  (1801,2509)  (1747,2509)  (1585,2509)  (1531,2509)  (1531,2455)  (1692,2185)  (1746,2185)  (1530,2293)  (1530,2239)  (1530,2185)  (1584,2184)  (1638,2184)  (1874,2328)  (1478,2401)  (1478,2347)  (1909,2382)  (1909,2436)  (1909,2490)  (1477,2524)  (1477,2470)  (1692,2131) 
SZ30  (2564,1976)  (2510,2029)  (2510,1975)  (2617,2030)  (2564,1922)  (2618,1922)  (2618,1976)  (2508,1921)  (2456,2060)  (2562,1868)  (2672,2004) 
Violet  (5930,2381) 
West Higo  (756,1775)  (702,1828)  (702,1774)  (809,1829)  (756,1721)  (810,1721)  (810,1775)  (648,1812)  (863,1829)  (864,1713)  (864,1767) 
Tsushima  (1292,260)  (1238,313)  (1238,259)  (1346,231)  (1184,285)  (1400,197)  (1400,251)  (1454,217) 
Omi  (3358,1503)  (3304,1516)  (3304,1462)  (3411,1557)  (3358,1449)  (3412,1449)  (3412,1503)  (3357,1570)  (3262,1408)  (3250,1474)  (3453,1611)  (3316,1395)  (3370,1395)  (3399,1624)  (3208,1420)  (3480,1665)  (3426,1678)  (3154,1430)  (3492,1719) 
SZ39  (3973,2801)  (3919,2854)  (3919,2800)  (4026,2855)  (3973,2747)  (4027,2747)  (4027,2801)  (3917,2746)  (3972,2908)  (3918,2908)  (3865,2854)  (3865,2800)  (4080,2855)  (4080,2909)  (4026,2909)  (3864,2909)  (3971,2693)  (4025,2693)  (4079,2693)  (4081,2747)  (4081,2801)  (3863,2746)  (3863,2692)  (3917,2692)  (4133,2641)  (3972,2962)  (3918,2962)  (3811,2855)  (3811,2801)  (4134,2855)  (4134,2909)  (4134,2963)  (4080,2963)  (4026,2963)  (3864,2963)  (3810,2963)  (3810,2909)  (3971,2639)  (4025,2639)  (4079,2639)  (4135,2695)  (4135,2749)  (3809,2747)  (3809,2693)  (3809,2639)  (3863,2638)  (3917,2638)  (4133,2587)  (4187,2587)  (4187,2641)  (3972,3016)  (3918,3016)  (3757,2855)  (3757,2801) 
SZ38  (3789,2434)  (3735,2487)  (3735,2433)  (3842,2488)  (3830,2380)  (3843,2434)  (3884,2339)  (3681,2494)  (3681,2440)  (3897,2393)  (3934,2285)  (3938,2339) 
SZ37  (3421,2423)  (3367,2476)  (3367,2422)  (3474,2477)  (3456,2369)  (3475,2423)  (3351,2368)  (3420,2530)  (3313,2426)  (3528,2477)  (3528,2531)  (3474,2531)  (3529,2414)  (3327,2314)  (3582,2468)  (3582,2522)  (3583,2414) 
Suo  (1467,1135)  (1413,1151)  (1413,1097)  (1520,1189)  (1467,1081)  (1521,1081)  (1521,1135)  (1359,1120)  (1560,1243)  (1506,1243)  (1305,1091)  (1578,1297) 
SZ36  (3333,2849)  (3279,2902)  (3279,2848)  (3386,2903)  (3333,2795)  (3387,2795)  (3387,2849)  (3277,2794)  (3332,2956)  (3278,2956)  (3225,2902)  (3225,2848)  (3440,2903)  (3440,2957)  (3386,2957)  (3224,2957)  (3331,2741)  (3385,2741)  (3439,2741)  (3441,2795)  (3441,2849)  (3223,2794)  (3223,2740)  (3277,2740)  (3493,2689)  (3332,3010)  (3278,3010)  (3171,2903)  (3171,2849)  (3494,2903)  (3494,2957)  (3494,3011)  (3440,3011)  (3386,3011)  (3224,3011)  (3170,3011)  (3170,2957)  (3338,2687)  (3392,2687)  (3495,2743)  (3495,2797)  (3169,2795)  (3169,2741)  (3141,2687)  (3446,2635)  (3500,2635)  (3547,2689)  (3117,2903)  (3117,2849)  (3548,2851)  (3548,2905)  (3548,2959)  (3548,3013) 
SZ35  (2344,2848)  (2290,2901)  (2290,2847)  (2397,2902)  (2344,2794)  (2398,2794)  (2398,2848)  (2288,2793)  (2343,2955)  (2289,2955)  (2236,2901)  (2236,2847)  (2451,2902)  (2451,2956)  (2397,2956)  (2235,2956)  (2342,2740)  (2396,2740)  (2450,2740)  (2452,2794)  (2452,2848)  (2234,2793)  (2234,2739)  (2288,2739)  (2343,3009)  (2289,3009)  (2182,2902)  (2182,2848)  (2505,2902)  (2505,2956)  (2505,3010)  (2451,3010)  (2397,3010)  (2235,3010)  (2181,3010)  (2181,2956)  (2342,2686)  (2396,2686)  (2506,2750)  (2506,2804)  (2180,2794)  (2180,2740)  (2180,2686)  (2234,2685)  (2288,2685)  (2128,2902)  (2128,2848)  (2559,2858)  (2559,2912)  (2559,2966)  (2128,2632)  (2560,2745)  (2560,2799) 
SZ34  (1664,2815)  (1610,2868)  (1610,2814)  (1717,2869)  (1664,2761)  (1718,2761)  (1718,2815)  (1608,2760)  (1663,2922)  (1609,2922)  (1556,2868)  (1556,2814)  (1771,2869)  (1771,2923)  (1717,2923)  (1555,2923)  (1662,2707)  (1716,2707)  (1770,2707)  (1772,2761)  (1772,2815)  (1554,2760)  (1554,2706)  (1608,2706)  (1824,2655)  (1663,2976)  (1609,2976)  (1502,2869)  (1502,2815)  (1825,2869)  (1825,2923)  (1825,2977)  (1771,2977)  (1717,2977)  (1555,2977)  (1501,2977)  (1501,2923)  (1662,2653)  (1716,2653)  (1770,2653)  (1826,2709)  (1826,2763)  (1500,2761)  (1500,2707)  (1500,2653)  (1554,2652)  (1608,2652)  (1824,2601)  (1878,2601)  (1878,2655)  (1448,2869)  (1448,2815) 
Settsu  (2719,1709)  (2665,1762)  (2665,1708)  (2772,1763)  (2719,1655)  (2773,1655)  (2773,1709)  (2718,1816)  (2664,1816)  (2610,1811)  (2685,1601)  (2739,1601)  (2827,1603)  (2827,1657)  (2827,1711) 
Yellow  (6034,2376) 
Shimotsuke  (4715,1354)  (4661,1407)  (4661,1353)  (4768,1408)  (4715,1300)  (4769,1300)  (4769,1354)  (4659,1299)  (4714,1461)  (4660,1461)  (4776,1462)  (4777,1246)  (4823,1300)  (4823,1354)  (4831,1238)  (4722,1515)  (4877,1292)  (4877,1346)  (4719,1569)  (4931,1263) 
Noto  (3732,792)  (3678,836)  (3718,738)  (3772,738)  (3786,792)  (3649,890)  (3624,836)  (3840,740)  (3840,794)  (3595,928)  (3654,944)  (3894,752)  (3894,806)  (3703,998)  (3649,998)  (3948,756) 
Bitchu  (2107,1362)  (2053,1415)  (2053,1361)  (2160,1416)  (2107,1308)  (2161,1311)  (2051,1307)  (2106,1469)  (2052,1469)  (2105,1254)  (2159,1227)  (2067,1200) 
South Mutsu  (4955,1144)  (4901,1152)  (4901,1098)  (5008,1198)  (5009,1119)  (4847,1142)  (4847,1088)  (5062,1173)  (5063,1114)  (5066,1227)  (4793,1152)  (4793,1098)  (5116,1168)  (5120,1222)  (5120,1276)  (4739,1176)  (4739,1122)  (5174,1183)  (5174,1237)  (5174,1291)  (4728,1068)  (4685,1200)  (4685,1146) 
East Tosa  (1840,2037)  (1887,2091)  (1833,2091)  (1803,1983)  (1857,1983)  (1890,2145)  (1771,1929)  (1902,2199) 
Izu  (4065,2386)  (4011,2439)  (4011,2385)  (4113,2440)  (4065,2332)  (4119,2332)  (4119,2386)  (4059,2493)  (4005,2493)  (4099,2278)  (4153,2278)  (4173,2332)  (3951,2499)  (4207,2244)  (4190,2190) 
Chikuzen  (916,1319)  (862,1335)  (862,1281)  (969,1373)  (916,1265)  (970,1317)  (915,1389)  (823,1227)  (1023,1371)  (1023,1425)  (969,1427)  (769,1252)  (769,1198)  (823,1173)  (1048,1479)  (1077,1399)  (994,1481)  (715,1218) 
Sagami  (4282,2031)  (4228,2084)  (4228,2030)  (4335,2085)  (4282,1977)  (4336,1977)  (4336,2031)  (4281,2138)  (4381,2139)  (4272,1923)  (4326,1923)  (4380,1923)  (4390,1977)  (4327,2192)  (4412,2193)  (4305,1869)  (4359,1869)  (4413,1841)  (4358,2246)  (4352,1815)  (4397,2300) 
Awa Shikoku  (1996,2079)  (2049,2133)  (1995,2133)  (1954,2025)  (2008,2025)  (2050,2079)  (2062,2013)  (2103,2133)  (2096,2187)  (2042,2187)  (1988,2187)  (2104,2067)  (2116,2013) 
North Mikawa  (3762,1983)  (3806,2037)  (3752,2037)  (3735,1929)  (3789,1929)  (3816,1983)  (3698,2078)  (3800,2091)  (3766,1875)  (3820,1875) 
Kawachi  (2812,1950)  (2758,2003)  (2758,1949)  (2865,2004)  (2812,1896)  (2866,1896)  (2866,1950)  (2811,2057)  (2757,2057)  (2908,2058)  (2821,1842)  (2875,1842)  (2920,1940)  (2929,1816)  (2854,2111)  (2871,1788)  (2925,1762)  (2901,1708)  (2955,1708)  (2921,1654)  (2975,1608)  (2921,1600) 
Bungo  (1232,1555)  (1178,1608)  (1178,1554)  (1285,1609)  (1232,1501)  (1286,1501)  (1286,1555)  (1176,1500)  (1231,1662)  (1124,1634)  (1124,1580)  (1339,1609)  (1339,1663)  (1285,1663)  (1236,1447)  (1340,1515)  (1122,1526)  (1231,1716)  (1291,1717)  (1258,1393)  (1312,1385)  (1283,1331)  (1337,1331) 
Aki  (1701,1211)  (1647,1264)  (1647,1210)  (1754,1265)  (1701,1157)  (1755,1157)  (1755,1211)  (1645,1156)  (1778,1319)  (1774,1373) 
Sado  (4336,604)  (4282,620)  (4389,658)  (4318,550)  (4372,550)  (4390,604)  (4335,674)  (4426,514)  (4281,725)  (4348,728) 
Yamato  (3025,2001)  (2971,2054)  (3072,2055)  (2986,1947)  (3040,1947)  (3079,2001)  (3094,1932)  (3018,2108)  (3072,2109)  (2980,1893)  (3034,1893)  (3088,1878)  (3142,1878)  (2964,2132)  (3018,2162)  (3078,2163)  (3008,1839)  (3062,1824)  (3116,1824)  (2964,2186)  (3024,2216)  (2970,2240) 
Blue  (5609,2372) 
Iki  (906,684)  (852,736)  (852,682)  (950,738)  (929,630)  (960,684)  (983,618) 
Central Mutsu  (5368,914)  (5314,967)  (5314,913)  (5421,968)  (5368,860)  (5422,860)  (5422,914)  (5312,859)  (5367,1021)  (5313,1021)  (5260,967)  (5260,913)  (5475,968)  (5475,1022)  (5421,1022)  (5259,1022)  (5366,806)  (5420,806)  (5474,806)  (5476,860)  (5476,914)  (5299,805)  (5528,754)  (5367,1075)  (5313,1075)  (5529,1007)  (5445,1076)  (5259,1076)  (5205,1076)  (5205,1022)  (5353,752)  (5407,752)  (5461,752)  (5530,808)  (5530,862)  (5530,916)  (5297,751)  (5515,700)  (5391,1129)  (5337,1129)  (5283,1130)  (5151,1066)  (5351,698)  (5405,698)  (5459,698)  (5295,697)  (5522,646) 
Red  (5516,2372) 
Tamba  (2860,1440)  (2806,1493)  (2806,1439)  (2913,1494)  (2860,1386)  (2914,1386)  (2914,1440)  (2804,1385)  (2752,1518)  (2752,1464)  (2967,1494)  (2968,1369)  (2968,1423)  (2750,1410)  (2776,1331)  (3022,1417) 
South Harima  (2545,1609)  (2491,1662)  (2584,1663)  (2507,1555)  (2561,1555)  (2599,1609)  (2615,1539)  (2530,1716)  (2517,1501) 
West Echigo  (4383,1092)  (4329,1145)  (4329,1091)  (4436,1146)  (4383,1038)  (4437,1038)  (4437,1092)  (4327,1037)  (4275,1180)  (4275,1126)  (4404,984)  (4458,984)  (4491,1038)  (4491,1092)  (4273,1072)  (4512,963)  (4221,1202)  (4545,1017)  (4545,1071)  (4545,1125)  (4517,909)  (4167,1208)  (4599,1073) 
Hida  (3803,1388)  (3749,1418)  (3749,1364)  (3856,1442)  (3803,1334)  (3857,1334)  (3857,1388)  (3724,1310)  (3802,1472)  (3695,1384)  (3910,1442)  (3778,1280)  (3832,1280)  (3911,1323)  (3911,1377)  (3670,1330)  (3846,1526)  (3792,1526)  (3965,1373)  (3819,1580) 
Awaji  (2346,1936)  (2292,1986)  (2292,1932)  (2389,1990)  (2390,1882)  (2400,1936) 
Etchu  (3955,1151)  (3901,1196)  (3901,1142)  (4008,1205)  (3955,1097)  (4009,1097)  (4009,1151)  (3891,1088)  (3954,1250)  (3847,1162)  (4062,1205)  (4062,1259)  (4008,1259)  (4063,1077)  (4063,1131)  (3837,1108)  (4052,1313)  (4117,1080)  (4117,1134)  (4171,1078) 
Awa Kantou  (4612,2411)  (4558,2464)  (4558,2410)  (4665,2465)  (4612,2357)  (4666,2357)  (4666,2411)  (4556,2356)  (4603,2518)  (4549,2518)  (4504,2464)  (4719,2465)  (4610,2303)  (4664,2303)  (4720,2311)  (4720,2365)  (4531,2302)  (4495,2527)  (4773,2419)  (4585,2249)  (4774,2342) 
North Dewa  (5088,523)  (5034,576)  (5034,522)  (5141,577)  (5088,469)  (5142,469)  (5142,523)  (5032,468)  (5087,630)  (5033,630)  (5195,577)  (5195,631)  (5141,631)  (5086,415)  (5140,415)  (5194,415)  (5196,469)  (5196,523)  (4979,647)  (5039,684)  (5093,361)  (5147,361)  (5101,307)  (5155,307) 
Buzen  (1031,1193)  (977,1209)  (977,1155)  (1084,1247)  (1031,1139)  (1085,1139)  (1085,1193)  (1030,1263)  (938,1101)  (1138,1268)  (1084,1301)  (992,1085)  (1159,1322)  (1213,1310)  (1180,1376) 
Nagato  (1362,958)  (1308,1011)  (1308,957)  (1416,916)  (1416,970)  (1306,903)  (1254,1016)  (1254,962)  (1470,912)  (1470,966)  (1252,908)  (1200,1015)  (1524,897)  (1524,951)  (1198,961)  (1198,907)  (1578,886)  (1578,940)  (1144,1009) 
South Shinano  (3889,1692)  (3835,1745)  (3835,1691)  (3942,1746)  (3889,1638)  (3943,1638)  (3943,1692)  (3888,1799)  (3834,1799)  (3985,1800)  (3911,1584)  (3965,1584)  (3935,1530) 
North Mutsu  (5377,542)  (5323,595)  (5323,541)  (5430,596)  (5377,488)  (5431,488)  (5431,542)  (5321,487)  (5375,434)  (5429,434)  (5483,434)  (5485,488)  (5485,542)  (5277,433)  (5331,380)  (5385,380)  (5439,380)  (5493,380)  (5273,379)  (5547,345)  (5327,326)  (5381,326)  (5255,325)  (5309,272)  (5255,271)  (5576,270)  (5309,218)  (5577,216)  (5522,210)  (5468,190)  (5363,179)  (5522,156) 
Iwami  (1740,977)  (1686,1030)  (1686,976)  (1793,1031)  (1740,923)  (1794,923)  (1794,977)  (1684,922)  (1632,1062)  (1847,1031)  (1738,869)  (1792,869)  (1848,948) 
North Harima  (2620,1339)  (2566,1392)  (2566,1338)  (2673,1393)  (2620,1285)  (2674,1285)  (2674,1339)  (2564,1284)  (2619,1446)  (2675,1447)  (2510,1275)  (2564,1230) 
Suruga  (4106,1879)  (4052,1860)  (4159,1933)  (4105,1933)  (4106,1825)  (4160,1825)  (4160,1879)  (4160,1987)  (4106,1987)  (4214,1817)  (4214,1871)  (4150,2041)  (4096,2041)  (4042,2049)  (4140,2095)  (4086,2103)  (4126,2157)  (4072,2157) 
Yamashiro  (3137,1636)  (3083,1689)  (3083,1635)  (3190,1690)  (3137,1582)  (3191,1582)  (3191,1636)  (3081,1581)  (3135,1528)  (3189,1528)  (3245,1567)  (3245,1621)  (3245,1675)  (3076,1527)  (3299,1625) 
SZ2  (675,133)  (621,186)  (621,132)  (728,187)  (675,79)  (729,79)  (729,133)  (619,78)  (674,240)  (620,240)  (567,186)  (567,132)  (782,187)  (782,241)  (728,241)  (566,241)  (673,25)  (727,25)  (781,25)  (783,79)  (783,133)  (565,78)  (565,24)  (619,24)  (513,187)  (513,133)  (512,289)  (511,79)  (511,25)  (459,235)  (459,181)  (458,289)  (457,127)  (457,73)  (457,19) 
SZ1  (168,131)  (114,184)  (114,130)  (221,185)  (168,77)  (222,77)  (222,131)  (112,76)  (167,238)  (113,238)  (60,184)  (60,130)  (275,185)  (275,239)  (221,239)  (59,239)  (166,23)  (220,23)  (274,23)  (276,77)  (276,131)  (58,76)  (58,22)  (112,22)  (328,1)  (6,185)  (6,131)  (329,185)  (329,239)  (5,289)  (330,55)  (330,109)  (4,77)  (4,23)  (382,1)  (383,163)  (383,217)  (383,271)  (384,55)  (384,109) 
SZ4  (2440,131)  (2386,184)  (2386,130)  (2493,185)  (2440,77)  (2494,77)  (2494,131)  (2384,76)  (2439,238)  (2385,238)  (2332,184)  (2332,130)  (2547,185)  (2547,239)  (2493,239)  (2331,239)  (2438,23)  (2492,23)  (2546,23)  (2548,77)  (2548,131)  (2330,76)  (2330,22)  (2384,22)  (2600,1)  (2278,185)  (2278,131)  (2601,185)  (2601,239)  (2277,271)  (2602,55)  (2602,109)  (2276,77)  (2276,23)  (2654,1)  (2224,217)  (2224,163)  (2655,163)  (2655,217)  (2223,271)  (2656,55)  (2656,109)  (2222,109)  (2222,55)  (2222,1)  (2685,271)  (2708,1)  (2170,217)  (2170,163)  (2709,163)  (2709,217) 
SZ3  (1409,87)  (1355,127)  (1355,73)  (1462,141)  (1409,33)  (1463,33)  (1463,87)  (1340,19)  (1301,140)  (1301,86)  (1516,141)  (1517,1)  (1517,55)  (1286,32)  (1544,195)  (1247,183)  (1247,129)  (1570,109)  (1570,249)  (1571,1)  (1571,55)  (1232,75)  (1232,21)  (1598,163)  (1193,194)  (1193,140)  (1624,109)  (1624,217)  (1624,271)  (1625,1)  (1625,55)  (1178,86)  (1178,32)  (1652,163)  (1139,213)  (1139,159)  (1678,109)  (1678,217)  (1678,271)  (1679,1)  (1679,55)  (1124,105)  (1124,51)  (1706,163)  (1101,289)  (1085,235)  (1085,181)  (1732,109)  (1732,217)  (1732,271)  (1733,1)  (1733,55) 
East Echigo  (4789,869)  (4735,922)  (4735,868)  (4842,923)  (4807,815)  (4843,869)  (4861,797)  (4689,976)  (4681,922)  (4897,851)  (4883,743)  (4915,797)  (4627,952)  (4627,898)  (4951,851)  (4969,771) 
South Dewa  (5071,914)  (5017,967)  (5096,968)  (5055,860)  (5109,860)  (5125,914)  (5163,822)  (5042,1021)  (4988,1021)  (4963,967)  (5089,806)  (5143,768)  (5197,768)  (5217,822)  (4909,1020)  (4855,1020)  (4801,1018) 
SZ6  (3951,151)  (3897,204)  (3897,150)  (4004,205)  (3951,97)  (4005,97)  (4005,151)  (3895,96)  (3950,258)  (3896,258)  (3843,204)  (3843,150)  (4058,205)  (4058,259)  (4004,259)  (3842,259)  (3949,43)  (4003,43)  (4057,43)  (4059,97)  (4059,151)  (3841,96)  (3841,42)  (3895,42)  (4111,1)  (3950,312)  (3896,312)  (3789,205)  (3789,151)  (4112,205)  (4112,259)  (4112,313)  (4058,313)  (4004,313)  (3842,313)  (3788,313)  (3788,259)  (4113,55)  (4113,109)  (3787,97)  (3787,43)  (4165,1)  (3735,205)  (3735,151)  (4166,163)  (4166,217)  (4166,271)  (4166,325)  (3734,325)  (3734,271)  (4167,55)  (4167,109) 
South Ise  (3171,2277)  (3117,2330)  (3117,2276)  (3179,2331)  (3171,2223)  (3225,2223)  (3225,2277)  (3063,2357)  (3271,2169)  (3279,2223)  (3325,2139)  (3333,2193)  (3005,2389) 
SZ5  (3265,162)  (3211,215)  (3211,161)  (3318,216)  (3265,108)  (3319,108)  (3319,162)  (3209,107)  (3264,269)  (3210,269)  (3157,215)  (3157,161)  (3372,216)  (3372,270)  (3318,270)  (3156,270)  (3263,54)  (3317,54)  (3371,54)  (3373,108)  (3373,162)  (3155,107)  (3155,53)  (3209,53)  (3425,2)  (3264,323)  (3210,323)  (3103,216)  (3103,162)  (3426,216)  (3426,270)  (3426,324)  (3372,324)  (3318,324)  (3156,324)  (3102,324)  (3102,270)  (3427,56)  (3427,110)  (3101,108)  (3101,54)  (3479,1)  (3049,216)  (3049,162)  (3480,164)  (3480,218)  (3480,272)  (3048,325)  (3048,271)  (3481,55)  (3481,109) 
SZ8  (5835,356)  (5781,409)  (5781,355)  (5888,410)  (5835,302)  (5889,302)  (5889,356)  (5779,301)  (5834,463)  (5780,463)  (5727,409)  (5727,355)  (5942,410)  (5942,464)  (5888,464)  (5726,464)  (5833,248)  (5887,248)  (5941,248)  (5943,302)  (5943,356)  (5725,301)  (5725,247)  (5779,247)  (5995,196)  (5834,517)  (5780,517)  (5673,410)  (5673,356)  (5996,410)  (5996,464)  (5996,518)  (5942,518)  (5888,518)  (5726,518)  (5672,518)  (5672,464)  (5833,194)  (5887,194)  (5941,194)  (5997,250)  (5997,304)  (5671,302)  (5699,193)  (5753,193)  (5641,161)  (5995,142)  (6049,142)  (6049,196)  (5834,571)  (5780,571)  (5619,410)  (5619,356) 
SZ7  (4755,199)  (4701,252)  (4701,198)  (4808,253)  (4755,145)  (4809,145)  (4809,199)  (4699,144)  (4754,306)  (4700,306)  (4647,252)  (4647,198)  (4862,253)  (4862,307)  (4808,307)  (4646,307)  (4753,91)  (4807,91)  (4861,91)  (4863,145)  (4863,199)  (4645,144)  (4645,90)  (4699,90)  (4915,39)  (4754,360)  (4700,360)  (4593,253)  (4593,199)  (4916,253)  (4916,307)  (4916,361)  (4862,361)  (4808,361)  (4646,361)  (4592,361)  (4592,307)  (4753,37)  (4807,37)  (4861,37)  (4917,93)  (4917,147)  (4591,145)  (4591,91)  (4591,37)  (4645,36)  (4699,36)  (4969,1)  (4754,414)  (4700,414)  (4539,253)  (4539,199) 
Kai  (4217,1662)  (4163,1715)  (4163,1661)  (4270,1716)  (4217,1608)  (4271,1608)  (4271,1662)  (4161,1607)  (4109,1716)  (4109,1662)  (4324,1716)  (4325,1565)  (4325,1619)  (4107,1608)  (4183,1553)  (4055,1714)  (4378,1673)  (4378,1727)  (4379,1618)  (4053,1660) 
SZ9  (261,586)  (207,639)  (207,585)  (314,640)  (261,532)  (315,532)  (315,586)  (205,531)  (260,693)  (206,693)  (153,639)  (153,585)  (368,640)  (368,694)  (314,694)  (152,694)  (259,478)  (313,478)  (367,478)  (369,532)  (369,586)  (151,531)  (151,477)  (205,477)  (421,426)  (260,747)  (206,747)  (99,640)  (99,586)  (422,640)  (422,694)  (422,748)  (368,748)  (314,748)  (152,748)  (98,748)  (98,694)  (259,424)  (313,424)  (367,424)  (423,480)  (423,534)  (97,532)  (97,478)  (97,424)  (151,423)  (205,423)  (421,372)  (475,372)  (475,426)  (45,640)  (45,586) 
Kazusa  (4850,2198)  (4796,2251)  (4796,2197)  (4903,2252)  (4850,2144)  (4904,2144)  (4904,2198)  (4794,2143)  (4836,2305)  (4742,2232)  (4957,2252)  (4888,2090)  (4958,2115)  (4958,2169)  (4740,2178)  (4740,2124)  (5011,2223)  (5012,2163)  (4686,2202) 
East Kii  (2786,2437)  (2732,2490)  (2732,2436)  (2839,2491)  (2786,2383)  (2840,2383)  (2840,2437)  (2785,2544)  (2731,2544)  (2678,2490)  (2678,2436)  (2677,2545)  (2809,2329)  (2863,2329)  (2917,2311)  (2673,2599)  (2823,2275)  (2877,2257)  (2971,2315)  (2861,2203) 
West Tosa  (1530,2033)  (1476,2086)  (1476,2032)  (1530,1979)  (1584,1979)  (1584,2033)  (1474,1978)  (1426,2140)  (1422,2086)  (1422,2032)  (1638,1971)  (1638,2025)  (1692,1975)  (1692,2029) 
Owari  (3542,2063)  (3488,2093)  (3562,2009)  (3596,2063)  (3586,2117)  (3616,1966)  (3532,2147)  (3478,2147)  (3424,2157)  (3522,2201)  (3468,2211)  (3414,2211)  (3445,2265) 
SZ22  (1246,1194)  (1192,1213)  (1192,1159)  (1300,1173)  (1300,1227)  (1354,1210)  (1408,1224)  (1409,1278)  (1423,1332) 
South Musashi  (4530,2003)  (4476,2056)  (4476,2002)  (4583,2057)  (4530,1949)  (4584,1949)  (4584,2003)  (4474,1948)  (4471,2110)  (4637,2057)  (4528,1895)  (4472,1894) 
Mimasaka  (2351,1252)  (2297,1305)  (2297,1251)  (2404,1306)  (2351,1198)  (2405,1198)  (2405,1252)  (2295,1197)  (2243,1271)  (2458,1333)  (2404,1360)  (2349,1144)  (2241,1217) 
SZ21  (738,916)  (684,969)  (684,915)  (791,970)  (738,862)  (792,862)  (792,916)  (682,861)  (737,1023)  (683,1023)  (630,969)  (630,915)  (845,970)  (845,1024)  (791,1024)  (629,1024)  (736,808)  (790,808)  (846,815)  (846,869)  (628,861)  (628,807)  (682,807)  (708,1077)  (799,1078)  (654,1078)  (736,754)  (609,753)  (663,753) 
Osumi  (710,2157)  (656,2210)  (656,2156)  (759,2211)  (710,2103)  (764,2103)  (764,2157)  (705,2264)  (651,2264)  (661,2049)  (715,2049)  (597,2309)  (670,1995) 
SZ20  (199,1145)  (145,1198)  (145,1144)  (252,1199)  (199,1091)  (253,1091)  (253,1145)  (143,1090)  (198,1252)  (144,1252)  (91,1198)  (91,1144)  (306,1199)  (306,1253)  (252,1253)  (90,1253)  (197,1037)  (251,1037)  (305,1037)  (307,1091)  (307,1145)  (89,1090)  (89,1036)  (143,1036)  (359,985)  (198,1306)  (144,1306)  (37,1199)  (37,1145)  (360,1199)  (360,1253)  (360,1307)  (306,1307)  (252,1307)  (90,1307)  (36,1307)  (36,1253)  (197,983)  (251,983)  (305,983)  (361,1039)  (361,1093)  (35,1091)  (35,1037)  (35,983)  (89,982)  (143,982)  (359,931)  (413,931)  (413,985)  (198,1360)  (144,1360) 
Inaba  (2453,986)  (2399,1038)  (2399,984)  (2506,1040)  (2453,932)  (2507,932)  (2507,986)  (2396,930)  (2452,1092)  (2540,1094)  (2450,878)  (2504,878)  (2369,876)  (2486,1146)  (2547,1148) 
SZ29  (2280,1747)  (2226,1800)  (2226,1746)  (2333,1801)  (2280,1693)  (2334,1693)  (2334,1747)  (2224,1692)  (2252,1854)  (2172,1777)  (2387,1801)  (2278,1639)  (2332,1639)  (2388,1662)  (2388,1716)  (2170,1723)  (2170,1669)  (2224,1638)  (2441,1770)  (2116,1741)  (2116,1687) 
Hizen  (530,1357)  (476,1410)  (476,1356)  (583,1411)  (530,1303)  (584,1303)  (584,1357)  (474,1302)  (512,1464)  (606,1465)  (578,1249)  (632,1249)  (638,1303)  (459,1248)  (626,1519)  (588,1195) 
SZ28  (1934,1632)  (1880,1685)  (1880,1631)  (1987,1686)  (1934,1578)  (1988,1578)  (1988,1632)  (1878,1577)  (1933,1739)  (2041,1686)  (2042,1574)  (2042,1628)  (1824,1621)  (1824,1567)  (1878,1523)  (1814,1513) 
SZ27  (284,2403)  (230,2456)  (230,2402)  (337,2457)  (284,2349)  (338,2349)  (338,2403)  (228,2348)  (283,2510)  (229,2510)  (176,2456)  (176,2402)  (391,2457)  (391,2511)  (337,2511)  (175,2511)  (282,2295)  (336,2295)  (390,2295)  (392,2349)  (392,2403)  (174,2348)  (174,2294)  (228,2294)  (122,2457)  (122,2403)  (445,2457)  (445,2511)  (121,2524)  (282,2241)  (446,2322)  (446,2376)  (120,2349)  (120,2295)  (120,2241)  (174,2240)  (228,2240)  (68,2470)  (68,2416)  (499,2436)  (499,2490)  (67,2524)  (66,2362)  (66,2308)  (66,2254)  (548,2172)  (14,2470)  (14,2416)  (553,2424)  (553,2478)  (13,2524) 
SZ26  (198,1886)  (144,1939)  (144,1885)  (251,1940)  (198,1832)  (252,1832)  (252,1886)  (142,1831)  (197,1993)  (143,1993)  (90,1939)  (90,1885)  (305,1940)  (305,1994)  (251,1994)  (89,1994)  (196,1778)  (250,1778)  (304,1778)  (306,1832)  (306,1886)  (88,1831)  (88,1777)  (142,1777)  (358,1726)  (197,2047)  (143,2047)  (36,1940)  (36,1886)  (359,1940)  (359,1994)  (359,2048)  (305,2048)  (251,2048)  (89,2048)  (35,2048)  (35,1994)  (196,1724)  (250,1724)  (304,1724)  (360,1780)  (360,1834)  (34,1832)  (34,1778)  (34,1724)  (88,1723)  (142,1723)  (358,1672)  (412,1672)  (412,1726)  (197,2101)  (143,2101) 
SZ25  (1134,2316)  (1080,2369)  (1080,2315)  (1187,2370)  (1134,2262)  (1188,2262)  (1188,2316)  (1078,2261)  (1133,2423)  (1079,2423)  (1026,2369)  (1026,2315)  (1241,2370)  (1241,2424)  (1187,2424)  (1025,2424)  (1132,2208)  (1186,2208)  (1240,2208)  (1242,2262)  (1242,2316)  (1024,2261)  (1024,2207)  (1078,2207)  (1294,2156)  (1133,2477)  (1079,2477)  (972,2370)  (972,2316)  (1295,2370)  (1295,2424)  (1295,2478)  (1241,2478)  (1187,2478)  (1025,2478)  (971,2478)  (971,2424)  (1132,2154)  (1186,2154)  (1240,2154)  (1296,2210)  (1296,2264)  (970,2262)  (1030,2153)  (1294,2102)  (918,2370)  (918,2316)  (1349,2318)  (1349,2372)  (1349,2426)  (1349,2480) 
North Musashi  (4538,1695)  (4484,1748)  (4591,1749)  (4492,1641)  (4546,1641)  (4592,1695)  (4600,1612)  (4537,1802)  (4483,1802)  (4634,1803)  (4456,1587)  (4510,1587)  (4564,1558) 
SZ24  (1288,1812)  (1342,1776)  (1303,1866)  (1249,1866)  (1195,1900)  (1396,1758)  (1304,1920)  (1250,1920)  (1429,1703)  (1141,1953)  (1196,1954)  (1327,1974)  (1273,1974)  (1483,1684) 
SZ23  (1550,1507)  (1496,1560)  (1496,1506)  (1603,1561)  (1550,1453)  (1604,1453)  (1604,1507)  (1494,1452)  (1442,1565)  (1442,1511)  (1657,1561)  (1657,1615)  (1603,1615)  (1565,1399)  (1619,1399)  (1658,1453)  (1658,1507)  (1440,1457)  (1439,1403)  (1673,1356)  (1711,1561)  (1711,1615)  (1712,1476)  (1385,1454) 
West Kii  (2479,2507)  (2425,2560)  (2425,2506)  (2532,2561)  (2479,2453)  (2533,2453)  (2533,2507)  (2423,2452)  (2478,2614)  (2586,2561)  (2586,2615)  (2532,2615)  (2477,2399)  (2587,2420)  (2587,2474)  (2382,2398)  (2602,2669)  (2524,2669)  (2436,2345)  (2340,2344)  (2394,2291)  (2312,2290)  (2378,2237) 
South Mikawa  (3679,2252)  (3625,2267)  (3625,2213)  (3732,2306)  (3679,2198)  (3733,2198)  (3733,2252)  (3678,2321)  (3624,2343) 
Totomi  (3915,1986)  (3968,2040)  (3914,2040)  (3901,1932)  (3955,1932)  (3969,1986)  (4009,1931)  (3970,2094)  (3916,2094)  (3921,1878)  (3975,1877)  (3862,2128)  (3994,2148)  (3940,2148)  (3886,2182)  (3832,2182)  (3959,2202)  (3873,2236) 
Izumo  (2013,889)  (1959,942)  (1959,888)  (2066,943)  (2013,835)  (2067,835)  (2067,889)  (1957,834)  (2012,996)  (2014,781)  (2068,781)  (1903,867)  (2122,780) 
North Mino  (3575,1469)  (3521,1522)  (3521,1468)  (3628,1523)  (3575,1415)  (3629,1435)  (3519,1414)  (3574,1576)  (3520,1576)  (3682,1489)  (3682,1543)  (3465,1387)  (3519,1360) 
Bingo  (1920,1247)  (1866,1300)  (1866,1246)  (1960,1301)  (1920,1193)  (1974,1193)  (1974,1247)  (1864,1192)  (1906,1354)  (1852,1354)  (1978,1355)  (1918,1139)  (1972,1139)  (1840,1138)  (1924,1408)  (1870,1408)  (1907,1085)  (1948,1462) 
Izumi  (2611,2229)  (2557,2282)  (2557,2228)  (2664,2283)  (2611,2175)  (2665,2175)  (2665,2229)  (2555,2174)  (2610,2336)  (2556,2336)  (2503,2282)  (2503,2228)  (2718,2283)  (2689,2337)  (2627,2121)  (2681,2121)  (2719,2175)  (2719,2229)  (2501,2174)  (2773,2187) 
SZ11  (1191,617)  (1137,670)  (1137,616)  (1244,671)  (1191,563)  (1245,563)  (1245,617)  (1135,562)  (1190,724)  (1136,724)  (1083,635)  (1298,671)  (1298,725)  (1244,725)  (1082,725)  (1189,509)  (1243,509)  (1297,509)  (1299,563)  (1299,617)  (1081,581)  (1081,527)  (1135,508)  (1046,473)  (1351,457)  (1190,778)  (1136,778)  (1352,671)  (1352,725)  (1352,779)  (1298,779)  (1244,779)  (1082,779)  (1028,779)  (1189,455)  (1243,455)  (1297,455)  (1027,555)  (1100,454)  (992,501)  (992,447)  (1046,419)  (1351,403)  (1157,832)  (1103,833)  (1049,833)  (995,833)  (1268,401)  (1100,400)  (967,393)  (941,866) 
SZ10  (779,486)  (725,539)  (725,485)  (832,540)  (779,432)  (833,432)  (833,486)  (723,431)  (778,593)  (724,593)  (671,539)  (671,485)  (886,540)  (670,594)  (777,378)  (831,378)  (885,378)  (887,432)  (887,486)  (669,431)  (669,377)  (723,377)  (743,647)  (617,540)  (617,486)  (689,648)  (635,648)  (616,594)  (615,432)  (615,378) 
Iga  (3253,1919)  (3199,1972)  (3300,1973)  (3213,1865)  (3267,1865)  (3307,1919)  (3321,1851)  (3246,2026)  (3192,2026)  (3213,1811)  (3267,1811)  (3321,1797)  (3138,2067)  (3258,2080)  (3204,2080)  (3267,1757)  (3375,1757)  (3321,1743)  (3150,2121) 
Tango  (2882,1152)  (2828,1205)  (2828,1151)  (2935,1206)  (2882,1098)  (2936,1110)  (2826,1097)  (2881,1259)  (2974,1260)  (2880,1044)  (2794,1043)  (2848,990)  (2902,986)  (2794,984) 
Chikugo  (851,1549)  (797,1602)  (797,1548)  (895,1603)  (851,1495)  (905,1520)  (795,1494)  (761,1440)  (815,1440)  (764,1386)  (753,1332) 
Hoki  (2188,1025)  (2134,1078)  (2134,1024)  (2241,1079)  (2188,971)  (2242,971)  (2242,1025)  (2187,1132)  (2080,1092)  (2165,917)  (2219,917)  (2273,917)  (2296,1053)  (2195,863) 
SZ19  (4630,679)  (4576,732)  (4576,678)  (4683,733)  (4630,625)  (4684,625)  (4684,679)  (4574,624)  (4629,786)  (4575,786)  (4522,732)  (4522,678)  (4737,733)  (4685,787)  (4521,787)  (4628,571)  (4682,571)  (4736,571)  (4738,625)  (4738,679)  (4520,624)  (4520,570)  (4574,570)  (4790,519)  (4468,733)  (4557,841)  (4503,841)  (4467,787)  (4628,517)  (4682,517)  (4736,517)  (4792,573)  (4792,627)  (4792,681)  (4551,516)  (4449,855)  (4844,474)  (4413,801)  (4846,528)  (4846,582)  (4846,636)  (4395,887)  (4359,833)  (4900,546)  (4900,600)  (4341,937) 
SZ18  (4056,907)  (4002,960)  (4002,906)  (4109,961)  (4056,853)  (4110,853)  (4110,907)  (4000,852)  (4055,1014)  (4001,1014)  (3948,960)  (3948,906)  (4163,961)  (4163,1015)  (4109,1015)  (4054,799)  (4108,799)  (4162,799)  (4164,853)  (4164,907)  (4216,795)  (3894,997)  (3894,943)  (4217,961)  (4218,849)  (4218,903)  (3860,889)  (3840,997)  (3840,943)  (3786,993)  (3786,939) 
Shima  (3179,2520)  (3125,2573)  (3125,2519)  (3232,2574)  (3179,2466)  (3233,2466)  (3233,2520)  (3123,2465)  (3071,2563)  (3286,2574)  (3285,2628)  (3231,2628)  (3177,2412)  (3231,2412)  (3069,2509)  (3069,2455)  (3123,2411)  (3015,2549)  (3015,2495)  (2961,2510) 
SZ17  (3992,545)  (3938,598)  (3938,544)  (4045,599)  (3992,491)  (4046,491)  (4046,545)  (3936,490)  (3991,652)  (3937,652)  (3884,598)  (3884,544)  (4099,599)  (4099,653)  (4045,653)  (3883,653)  (3990,437)  (4044,437)  (4098,437)  (4100,491)  (4100,545)  (3882,490)  (3882,436)  (3936,436)  (4152,385)  (3830,599)  (3830,545)  (4153,599)  (4153,653)  (3829,681)  (3990,383)  (4044,383)  (4098,383)  (4154,439)  (4154,493)  (3828,491)  (3828,437)  (3828,383)  (3882,382)  (3936,382)  (4206,380)  (3776,627)  (3776,573)  (4207,687)  (4208,434)  (4208,488)  (3774,519)  (3774,465)  (3774,411)  (4260,380)  (4262,434)  (4262,488) 
SZ16  (3443,566)  (3389,619)  (3389,565)  (3496,620)  (3443,512)  (3497,512)  (3497,566)  (3387,511)  (3442,673)  (3388,673)  (3335,619)  (3335,565)  (3550,620)  (3550,674)  (3496,674)  (3334,674)  (3441,458)  (3495,458)  (3549,458)  (3551,512)  (3551,566)  (3333,511)  (3333,457)  (3387,457)  (3603,406)  (3442,727)  (3388,727)  (3281,590)  (3604,620)  (3604,674)  (3604,728)  (3550,728)  (3496,728)  (3334,728)  (3441,404)  (3495,404)  (3549,404)  (3605,460)  (3605,514)  (3279,536)  (3279,482)  (3279,428)  (3333,403)  (3387,403)  (3657,380)  (3442,781)  (3388,781)  (3227,590)  (3658,568)  (3658,622)  (3658,676) 
East Higo  (1011,1699)  (957,1752)  (957,1698)  (1064,1753)  (1011,1645)  (1065,1689)  (955,1644)  (985,1806)  (1118,1743)  (1118,1797)  (1009,1591)  (1172,1775) 
Hitachi  (4860,1626)  (4806,1679)  (4806,1625)  (4913,1680)  (4860,1572)  (4914,1572)  (4914,1626)  (4804,1571)  (4859,1733)  (4967,1680)  (4943,1734)  (4858,1518)  (4912,1518)  (4966,1518)  (4968,1606)  (4931,1788)  (4872,1464)  (4926,1464)  (4921,1842)  (4945,1410)  (4999,1368)  (4919,1896)  (4992,1314) 
SZ15  (3063,812)  (3009,865)  (3009,811)  (3116,866)  (3063,758)  (3117,758)  (3117,812)  (3007,757)  (3062,919)  (3008,919)  (2955,865)  (2955,811)  (3170,866)  (3170,920)  (3116,920)  (3061,704)  (3115,704)  (3169,704)  (3171,758)  (3171,812)  (2953,757)  (2953,703)  (3007,703)  (3223,652)  (3062,973)  (3008,973)  (2901,899)  (2901,845)  (3224,866)  (3224,920)  (3174,974)  (3120,974)  (3061,650)  (3115,650)  (3169,650)  (3225,706)  (3225,760)  (2899,791)  (2899,737)  (2899,683)  (2953,649)  (3007,649)  (3066,1027)  (3012,1027)  (3147,1028)  (3016,1081)  (3140,1082) 
Oki  (2570,374)  (2516,402)  (2589,320)  (2624,374) 
Echizen  (3388,1228)  (3334,1281)  (3334,1227)  (3439,1282)  (3388,1174)  (3442,1174)  (3442,1228)  (3332,1173)  (3386,1120)  (3440,1120)  (3496,1233)  (3312,1119)  (3366,1066)  (3420,1066)  (3312,1029)  (3366,1012) 
SZ14  (2703,616)  (2649,669)  (2649,615)  (2756,670)  (2703,562)  (2757,562)  (2757,616)  (2647,561)  (2702,723)  (2648,723)  (2595,669)  (2595,615)  (2810,670)  (2810,724)  (2756,724)  (2594,724)  (2701,508)  (2755,508)  (2809,508)  (2811,562)  (2811,616)  (2593,561)  (2593,507)  (2647,507)  (2863,456)  (2702,777)  (2648,777)  (2541,670)  (2541,616)  (2842,778)  (2788,778)  (2594,778)  (2540,773)  (2701,454)  (2755,454)  (2809,454)  (2865,510)  (2865,564)  (2539,562)  (2863,402)  (2917,402)  (2917,456)  (2734,831)  (2680,831)  (2842,832)  (2788,832)  (2751,400)  (2805,400)  (2919,510)  (2919,564)  (2971,380)  (2971,434) 
SZ13  (2227,557)  (2173,610)  (2173,556)  (2280,611)  (2227,503)  (2281,503)  (2281,557)  (2171,502)  (2226,664)  (2172,664)  (2119,610)  (2119,556)  (2334,611)  (2334,665)  (2280,665)  (2118,665)  (2225,449)  (2279,449)  (2333,449)  (2335,503)  (2335,557)  (2117,502)  (2117,448)  (2171,448)  (2387,397)  (2065,611)  (2065,557)  (2388,611)  (2388,665)  (2388,719)  (2334,719)  (2280,719)  (2064,711)  (2225,395)  (2279,395)  (2333,395)  (2389,451)  (2389,505)  (2063,503)  (2063,449)  (2063,395)  (2117,394)  (2171,394)  (2387,343)  (2442,559)  (2442,613)  (2442,667)  (2442,721)  (2338,773)  (2032,341)  (2225,341)  (2279,341)  (2333,341) 
SZ12  (1626,551)  (1572,604)  (1572,550)  (1679,605)  (1626,497)  (1680,497)  (1680,551)  (1570,496)  (1625,658)  (1571,658)  (1518,604)  (1518,550)  (1733,605)  (1733,659)  (1679,659)  (1517,659)  (1624,443)  (1678,443)  (1732,443)  (1734,497)  (1734,551)  (1516,496)  (1516,442)  (1570,442)  (1786,391)  (1625,712)  (1571,712)  (1464,605)  (1464,551)  (1787,605)  (1787,659)  (1787,713)  (1733,713)  (1679,713)  (1517,713)  (1463,713)  (1463,659)  (1624,389)  (1678,389)  (1732,389)  (1788,445)  (1788,499)  (1462,497)  (1462,443)  (1462,389)  (1516,388)  (1570,388)  (1786,337)  (1840,337)  (1840,391)  (1625,766)  (1571,766)  (1410,605)  (1410,551) 
Wakasa  (3132,1233)  (3078,1286)  (3078,1232)  (3185,1287)  (3132,1179)  (3186,1179)  (3186,1233)  (3076,1178)  (3131,1340)  (3077,1340)  (3196,1125)  (3240,1179)  (3240,1233)  (3250,1083) 
Kaga  (3612,1167)  (3558,1187)  (3558,1133)  (3665,1221)  (3612,1113)  (3666,1113)  (3666,1167)  (3611,1241)  (3523,1079)  (3719,1221)  (3577,1059)  (3720,1116)  (3483,1025)  (3773,1170)  (3537,1005)  (3474,971) 
Green  (5710,2373) 
Satsuma  (538,1938)  (484,1991)  (484,1937)  (586,1992)  (538,1884)  (592,1884)  (592,1938)  (532,2045)  (478,2045)  (494,1830)  (646,1887)  (499,2099)  (445,2133)  (391,2147)  (488,2187)  (494,2241) 
Sanuki  (1978,1869)  (1924,1909)  (1924,1855)  (2031,1923)  (1978,1815)  (2032,1815)  (2032,1869)  (1870,1874)  (1870,1820)  (2085,1923)  (2086,1805)  (2086,1859)  (1816,1860)  (1816,1806)  (2139,1913) 
Tajima  (2683,1080)  (2629,1113)  (2629,1059)  (2736,1134)  (2683,1026)  (2607,1005)  (2682,1167)  (2762,1188)  (2661,972)  (2715,972)  (2595,951)  (2770,1242)  (2649,918) 